2 4 8 9 9
1 4 8 9 9
1 1 4 7 8
1 2 2 12 24
1 5 5 9 9
2 4 8 9 9
1 4 8 9 9
1 1 4 7 8
1 2 2 12 24
1 5 5 9 9
2 4 8 9 9
1 4 8 9 9
1 1 4 7 8
1 2 2 12 24
1 5 5 9 9
2 4 8 9 9
1 4 8 9 9
1 1 4 7 8
1 2 2 12 24
1 5 5 9 9
2 4 8 9 9
1 4 8 9 9
1 1 4 7 8
1 2 2 12 24
1 5 5 9 9
2 4 8 9 9
1 4 8 9 9
1 1 4 7 8
1 2 2 12 24
1 5 5 9 9
2 4 8 9 9
1 4 8 9 9
1 1 4 7 8
1 2 2 12 24
1 5 5 9 9
2 4 8 9 9
1 4 8 9 9
1 1 4 7 8
1 2 2 12 24
1 5 5 9 9
2 4 8 9 9
1 4 8 9 9
1 1 4 7 8
1 2 2 12 24
1 5 5 9 9
2 4 8 9 9
1 4 8 9 9
1 1 4 7 8
1 2 2 12 24
1 5 5 9 9
2 4 8 9 9
1 4 8 9 9
1 1 4 7 8
1 2 2 12 24
1 5 5 9 9
2 4 8 9 9
1 4 8 9 9
1 1 4 7 8
1 2 2 12 24
1 5 5 9 9
